ip: 10.40.101.100
port: 63352
bottom_pos: [0.7718390664877123, 0.09729893870032542, 0.102, 0.0396148505117184, -2.2125929705992173, 2.218468761773637]
top_pos: [0.7705563603386045, 0.09672636812148871, 0.140, 0.04999123874776192, -2.2031353402180303, 2.2181953222678916]
init_gripper: 79
delta_gripper: 6